from tkinter import*

cuadro = Tk()
cuadro.title('JHIN ESTRELLA OSCURA')
cuadro.geometry('758x675')

canvas1 = Canvas(width=300, height=210, bg='grey')
canvas1.pack(expand=YES, fill=BOTH)

#BASE
canvas1.create_polygon(427, 201, 467, 166, 519, 218, 547, 209, 522, 551, 522, 632, 519, 632, 509, 560, 500, 503, 480, 428,
                       480, 420, 472, 397, 466, 375, 459, 356, 450, 326, 468, 315, 441, 328, 433, 353, 419, 387, 404, 420,
                       308, 367, 244, 292, 254, 278, 325, 218, 352, 204, 364, 201, 386, 182, 427, 201, width=5, fill=("#2e142e"))
canvas1.create_polygon(404, 420, 394, 435, 379, 461, 366., 475, 351, 498, 351, 502, 336, 521, 327, 536, 324, 543,
                       318, 564, 306, 603, 296, 612, 286, 595, 285, 552, 282, 492, 259, 394, 244, 358, 221, 341,
                       244, 315, 255, 301, 308, 367, 404, 420, width=5, fill=("#2e142e"))
canvas1.create_polygon(351, 502, 341, 519, 339, 532, 339, 547, 354, 580, 354, 612, 354, 614, 354, 637, 363, 652, 372, 655,
                       383, 658, 390, 662, 400, 662, 399, 665, 401, 636, 400, 635, 404, 621, 410, 605, 408, 590, 418, 576,
                       425, 561, 425, 554, 427, 551, 414, 545, 405, 549, 393, 558, 380, 537, 374, 535, 365, 534, 356, 524,
                       351, 515, 352, 508, 351, 502, width=5, fill=("#664069"))
canvas1.create_polygon(203, 354, 205, 362, 213, 357, 223, 364, 231, 373, 236, 384, 240, 404, 251, 472, 244, 539, 236, 573,
                       221, 652, 244, 655, 286, 595, 285, 552, 282, 492, 274, 451, 259, 394, 244, 358, 221, 341, 203, 354, width=5, fill=("#86447a"))
canvas1.create_polygon(506, 328, 571, 322, 577, 344, 562, 407, 547, 487, 530, 611, 527, 632, 525, 632, 519, 572, 501, 347,
                       506, 328, width=5, fill=("#246c8b"))

#CUERPO
canvas1.create_polygon(468, 315, 441, 328, 433, 353, 419, 387, 404, 420, 394, 435, 379, 461, 369, 472, 366, 475, 357, 487,
                       351, 498, 352, 508, 358, 520, 366, 529, 380, 533, 386, 539, 394, 551, 410, 539, 427, 543, 437, 536,
                       443, 527, 445, 520, 444, 509, 439, 502, 431, 495, 424, 495, 424, 489, 433, 477, 441, 469, 446, 466,
                       461, 464, 461, 454, 470, 439, 480, 428, 480, 420, 472, 397, 466, 375, 459, 356, 450, 326, 468, 315, width=5, fill=("#2d2443"))
canvas1.create_polygon(213, 357, 205, 362, 201, 368, 192, 363, 179, 357, 161, 345, 151, 331, 145, 326, 143, 319, 140, 318,
                       139, 311, 142, 303, 127, 311, 120, 317, 116, 326, 113, 329, 107, 330, 119, 337, 113, 348, 120, 350,
                       131, 343, 137, 343, 136, 338, 141, 334, 147, 337, 160, 360, 170, 375, 179, 385, 193, 395, 204, 400,
                       210, 418, 203, 421, 204, 423, 208, 423, 215, 418, 228, 411, 240, 404, 236, 384, 231, 373, 223, 364, 213, 357, width=5, fill=("#2d2443"))
canvas1.create_polygon(135, 287, 137, 294, 139, 301, 128, 307, 121, 306, 124, 310, 121, 311, 106, 314, 109, 317, 120, 317,
                       116, 326, 113, 329, 104, 326, 97, 321, 88, 325, 76, 315, 77, 311, 64, 311, 69, 307, 76, 308, 81, 306,
                       82, 310, 88, 317, 94, 315, 99, 310, 103, 304, 107, 295, 111, 289, 109, 280, 117, 284, 124, 291, 128, 293,
                       135, 287, width=5, fill=("#2d2443"))
canvas1.create_polygon(82, 299, 71, 298, 65, 306, 59, 312, 54, 314, 47, 309, 45, 306, 45, 299, 50, 295, 58, 289, 63, 287,
                       61, 278, 61, 262, 61, 256, 64, 256, 67, 246, 71, 235, 73, 233, 73, 206, 76, 195, 78, 185, 84, 177,
                       88, 177, 92, 185, 93, 194, 94, 212, 90, 221, 91, 240, 96, 248, 101, 260, 92, 274, 88, 280, 88, 289, 82, 299, width=5, fill=("#2d2443"))
canvas1.create_polygon(49, 255, 45, 253, 49, 255, 43, 265, 40, 280, 34, 274, 33, 269, 32, 264, 27, 257, 26, 253, 26, 248,
                       33, 242, 39, 241, 41, 247, 45, 253, 49, 255, width=5, fill=("#2d2443"))

#DETALLE TORSO
canvas1.create_polygon(408, 435, 414, 432, 424, 438, 435, 448, 442, 459, 446, 466, 463, 464, 471, 466, 472, 469,
                       470, 472, 467, 470, 461, 470, 449, 471, 441, 479, 437, 487, 444, 494, 450, 502, 459, 497, 472, 493,
                       447, 492, 478, 493, 475, 499, 475, 503, 469, 504, 460, 508, 453, 513, 453, 526, 448, 535, 442, 543,
                       432, 544, 427, 551, 427, 543, 437, 536, 443, 527, 445, 520, 444, 509, 439, 502, 431, 495, 424, 495,
                       424, 489, 433, 477, 441, 469, 438, 461, 431, 452, 421, 443, 408, 435, width=5, fill=("#6d594c"))
canvas1.create_polygon(427, 543, 410, 539, 394, 551, 386, 539, 380, 533, 366, 529, 358, 520, 352, 508, 351, 515, 356, 524,
                       365, 534, 374, 535, 380, 537, 393, 558, 405, 549, 414, 545, 427, 551, 427 , 543, width=5, fill=("#c7a17b"))
canvas1.create_polygon(470, 472, 467, 479, 467, 485, 472, 493, 459, 497, 450, 502, 444, 494, 437, 487, 441, 479, 449, 471,
                       461, 470, 467, 470, 470, 472, width=5, fill=("#4d413a"))
canvas1.create_polygon(369, 472, 372, 481, 375, 486, 367, 485, 359, 487, 363, 480, 367, 474, 369, 472, width=5, fill=("#4d413a"))

canvas1.create_polygon(374, 491, 384, 498, 390, 507, 391, 515, 388, 521, 382, 526, 375, 526, 366, 521, 361, 516, 359, 510,
                       359, 502, 360, 495, 366, 491, 374, 491, width=5, fill=("#6d594c"))
canvas1.create_polygon(372, 497, 377, 498, 381, 502, 385, 508, 386, 513, 384, 518, 382, 520, 376, 521, 371, 520, 367, 516,
                       364, 511, 363, 505, 364, 501, 365, 498, 372, 497, width=5, fill=("#86776d"))
canvas1.create_polygon(383, 506, 381, 502, 377, 498, 372, 497, 365, 498, 364, 501, 363, 505, 364, 511, 367, 516, 371, 520,
                       376, 521, 382, 520, 384, 518, 386, 513, 382, 517, 380, 518, 376, 519, 371, 517, 368, 514, 365, 510,
                       366, 506, 368, 500, 372, 500, 377, 501, 383, 506, width=5, fill=("#4d413a"))
canvas1.create_polygon(386, 513, 380, 515, 375, 514, 370, 513, 367, 512, 368, 514, 371, 517, 376, 519, 380, 518, 382, 517,
                       386, 513, width=5, fill=("#c7a17b"))

canvas1.create_polygon(416, 500, 426, 500, 433, 505, 439, 511, 441, 519, 439, 526, 431, 533, 424, 537, 416, 536, 410, 532,
                       405, 525, 404, 517, 405, 510, 408, 503, 416, 500, width=5, fill=("#6d594c"))
canvas1.create_polygon(420, 506, 427, 508, 432, 514, 433, 521, 431, 528, 424, 532, 416, 532, 410, 527, 408, 520, 408, 513,
                       415, 507, 420, 506,width=5, fill=("#4d413a"))
canvas1.create_polygon(412, 513, 416, 510, 419, 509, 425, 511, 429, 514, 431, 517, 431, 521, 429, 526, 424, 528, 419, 528,
                       417, 527, 414, 525, 412, 521, 412, 517, 412, 513, width=5, fill=("#736358"))
canvas1.create_polygon(429, 525, 429, 526, 424, 528, 419, 528, 414, 525, 412, 521, 414, 519, 416, 520, 421, 522, 425, 524,
                       429, 525, width=5, fill=("#c7a17b"))

canvas1.create_polygon(389, 449, 410, 450, 417, 459, 422, 467, 422, 480, 418, 489, 409, 496, 398, 497, 387, 491, 381, 482,
                       379, 470, 379, 462, 386, 453, 398, 449, width=5, fill=("#6d594c"))
canvas1.create_polygon(403, 458, 408, 461, 412, 467, 415, 476, 414, 484, 410, 488, 405, 491, 399, 492,392, 488, 388, 484,
                       384, 477, 384, 469, 387, 462, 393, 459, 399, 458, 403, 458, width=5, fill=("#736358"))
canvas1.create_polygon(412, 467, 408, 461, 403, 458, 399, 458, 393, 459, 387, 462, 384, 469, 384, 477, 388, 484, 392, 488,
                       399, 492, 405, 491, 410, 488, 414, 484, 414, 479, 408, 486, 398, 488, 391, 483,  390, 475, 390, 468,
                       395, 465, 406, 465, 412, 468, 412, 467, width=5, fill=("#4d413a"))
canvas1.create_polygon(394, 478, 399, 477, 404, 478, 406, 481, 407, 484, 404, 486, 399, 486, 394, 483, 394, 478, width=5, fill=("#c7a17b"))
canvas1.create_polygon(285, 552, 289, 561, 294, 583, 293, 599, 296, 608, 303, 598, 303, 583, 318, 564, 312, 586, 306, 603,
                       292, 637, 287, 606, 285, 552, width=5, fill=("#c7a17b"))
canvas1.create_polygon(517, 214, 542, 201, 558, 194, 561, 208, 563, 234, 546, 259, 541, 274, 535, 316, 525, 325, 512, 333,
                       517, 279, 533, 244, 543, 233, 540, 215, 519, 218, 517, 214, width=5, fill=("#c7a17b"))

#HOMBRO
canvas1.create_polygon(535, 316, 568, 316, 580, 319, 600, 318, 607, 313, 587, 331, 578, 332, 567, 330, 535, 332, 512, 333,
                       525, 325,  535, 316, width=5, fill=("#736358"))
canvas1.create_polygon(561, 237, 546, 259, 541, 274, 535, 316, 568, 316, 580, 319, 600, 318, 607, 313, 606, 310, 595, 307,
                       582, 309, 565, 308,  543, 310, 543, 293, 554, 257, 566, 245, 561, 237, width=5, fill=("#4d413a"))
canvas1.create_polygon(566, 245, 581, 258, 589, 274, 592, 287, 593, 300, 595, 307, 582, 309, 565, 308, 543, 310, 543, 293,
                       554, 257, 566, 245, width=5, fill=("#1d1939"))

#BAJO DEL HOMBRO
canvas1.create_polygon(494, 309, 494, 326, 496, 344, 498, 381, 502, 415, 507, 454, 513, 519, 516, 532, 516, 564, 522, 632,
                       525, 632, 524, 616, 523, 595, 523, 589, 520, 561, 520, 530, 518, 509, 519, 481, 515, 443, 513, 432,
                       512, 415, 510, 401, 506, 369, 507, 356, 505, 344, 512, 333, 505, 322, 508, 304, 503, 291, 494, 309, width=5, fill=("#c7a17b"))
canvas1.create_polygon(525, 632, 530, 581, 523, 594, 522, 586, 530, 571, 532, 550, 536, 526, 542, 495, 546, 470, 551, 443,
                       558, 439, 547, 493, 541, 534, 536, 571, 534, 598, 531, 632, 525, 632, width=5, fill=("#c7a17b"))
canvas1.create_polygon(520, 526, 524, 505, 529, 483, 537, 455, 551, 443, 558, 439, 574, 377, 581, 349, 578, 332, 570, 331,
                       569, 348, 566, 360, 555, 345, 560, 330, 554, 331, 549, 347, 556, 356, 564, 374, 562, 385, 558, 400,
                       554, 418, 553, 427, 546, 435, 530, 446, 529, 459, 523, 481, 518, 509, 520, 526, width=5, fill=("#c7a17b"))
canvas1.create_polygon(570, 331, 578, 332, 581, 349, 574, 377, 558, 439, 551, 443, 537, 455, 529, 483, 524, 505, 520, 526,
                       518, 509, 523, 481, 529, 459, 530, 446, 546, 435, 553, 427, 554, 418, 558, 400, 562, 385, 564, 374,
                       556, 366, 549, 347, 554, 331, 560, 330, 555, 345, 566, 360, 569, 348, 570, 331, width=5, fill=("#c7a17b"))
canvas1.create_polygon(515, 443, 528, 436, 534, 429, 543, 420, 552, 402, 553, 389, 550, 373, 542, 357, 539, 352, 537, 343,
                       541, 338, 542, 332, 532, 332, 528, 341, 521, 337, 512, 333, 505, 344, 510, 344, 519, 349, 528, 356,
                       537, 364, 540, 379, 540, 393, 537, 406, 530, 418, 522, 428, 513, 432, 515, 443, width=5, fill=("#c7a17b"))
canvas1.create_polygon(507, 356, 514, 361, 520, 369, 525, 379, 525, 390, 522, 397, 519, 407, 516, 414, 512, 418, 512, 415,
                       510, 401, 514, 400, 518, 391, 518, 382, 516, 375, 513, 370, 510, 368, 506, 369, 507, 356, width=5, fill=("#c7a17b"))



#PIERNAS
canvas1.create_polygon(475, 503, 488, 506, 488, 519, 494, 528, 498, 549, 499, 561, 500, 566, 491, 566, 479, 578, 468, 598,
                       451, 619, 437, 624, 432, 621, 425, 611, 423, 597, 418, 576, 425, 561, 425, 554, 427, 551, 432, 544,
                       442, 543, 448, 535, 453, 526, 453, 513, 460, 508, 469, 504, 475, 503, width=5, fill=("#2d2443"))
canvas1.create_polygon(354, 580, 354, 612, 354, 614, 354, 637, 363, 652, 372, 655, 383, 658, 390, 662, 400, 662, 399, 655,
                       401, 636, 400, 635, 403, 624, 395, 623, 387, 601, 390, 625, 394, 644, 393, 652, 386, 654, 382, 654,
                       380, 640, 379, 624, 371, 599, 370, 610, 370, 624, 368, 645, 364, 642, 363, 628, 362, 599, 358, 578, 354, 580, width=5, fill=("#df95f2"))
canvas1.create_polygon(425, 675, 428, 643, 436, 645, 443, 639, 455, 630, 463, 620, 476, 606, 487, 595, 501, 587, 509, 587,
                       507, 592, 498, 594, 482, 605, 465, 624, 457, 647, 452, 671, 459, 671, 472, 648, 475, 633, 486, 615,
                       494, 604, 505, 597, 509, 597, 502, 609, 497, 609, 486, 620, 478, 634, 475, 649, 460, 675, 425, 675, width=5, fill=("#c7a17b"))
canvas1.create_polygon(428, 643, 423, 636, 418, 625, 410, 605, 404, 621, 400, 635, 408, 649, 408, 660, 404, 667, 406, 675,
                       425, 675, 428, 643, width=5, fill=("#9a7872"))
canvas1.create_polygon(401, 636, 408, 649, 408, 660, 404, 667, 406, 675, 400, 666, 399, 655, 401, 636, width=5, fill=("#686e99"))
canvas1.create_polygon(460, 675, 475, 649, 478, 634, 486, 620, 497, 609, 501, 609, 500, 640, 495, 655, 485, 662, 474, 670, 460, 675, width=5, fill=("#686e99"))
canvas1.create_polygon(507, 592, 498, 594, 482, 605, 465, 624, 457, 647, 452, 671, 459, 671, 472, 648, 475, 633, 494, 604,
                       505, 597, 507, 597, 507, 592, width=5, fill=("#4d413a"))
canvas1.create_polygon(418, 576, 408, 590, 410, 605, 418, 625, 423, 636, 428, 643, 436, 645, 455, 630, 476, 606, 487, 593,
                       501, 587, 509, 587, 500, 566, 491, 566, 479, 578, 468, 598, 451, 619, 437, 624, 432, 621, 425, 611,
                       423, 597, 418, 576, width=5, fill=("#4d413a"))
canvas1.create_polygon(324, 580, 325, 620, 328, 625, 337, 631, 344, 632, 345, 620, 324, 580, width=5, fill=("#a4a6dc"))
canvas1.create_polygon(339, 532, 327, 536, 324, 543, 327, 563, 321, 575, 326, 576, 343, 602, 331, 570, 331, 561, 354, 612,
                       354, 580, 339, 547, 339, 532, width=5, fill=("#6d594c"))
canvas1.create_polygon(331, 561, 354, 614, 354, 637, 344, 632, 345, 620, 321, 575, 326, 576, 343, 602, 331, 570, 331, 561, width=5, fill=("#c7a17b"))

#MANO DERECHA
canvas1.create_polygon(151, 231, 155, 257, 155, 274, 153, 295, 145, 304, 142, 303, 139, 301, 135, 287, 135, 284, 143, 265,
                       151, 231, width=5, fill=("#3d3063"))
canvas1.create_polygon(111, 241, 109, 270, 109, 280, 111, 289, 103, 304, 99, 310, 89, 309, 81, 306, 82, 299, 88, 289,
                       88, 280, 101, 260, 111, 241, width=5, fill=("#3d3063"))
canvas1.create_polygon(63, 287, 58, 289, 45, 299, 37, 301, 40, 280, 43, 265, 49, 255, 55, 241, 60, 231, 70, 225, 66, 238,
                       61, 256, 61, 262, 61, 278, 63, 287, width=5, fill=("#3d3063"))
canvas1.create_polygon(54, 181, 45, 198, 39, 215, 39, 241, 33, 242, 26, 248, 26, 253, 17, 251, 17, 241, 23, 213, 35, 197,
                       54, 181, width=5, fill=("#3d3063"))
canvas1.create_polygon(26, 256, 32, 264, 34, 274, 26, 265, width=5, fill=("#3d3063"))
canvas1.create_polygon(87, 154, 89, 172, 89, 179, 88, 177, 84, 177, 78, 185, 75, 196, 76, 178, 81, 164, 87, 154, width=5, fill=("#3d3063"))
canvas1.create_polygon(106, 354, 113, 348, 119, 337, 107, 330, 113, 329, 104, 326, 97, 321, 88, 325, 76, 315, 77, 311, 64, 311,
                       69, 307, 76, 308, 81, 306, 82, 299, 71, 298, 65, 306, 59, 312, 54, 314, 47, 309, 44, 309,
                       54, 317, 61, 315, 73, 316, 88, 328, 96, 343, 106, 354, width=5, fill=("#c7a17b"))
canvas1.create_polygon(81, 306, 89, 309, 99, 310, 94, 315, 88, 317, 82, 310, 81, 306, width=5, fill=("#86776d"))
canvas1.create_polygon(106, 314, 121, 311, 124, 310, 121, 306, 128, 307, 130, 306, 139, 301, 142, 303, 127, 311, 120, 317,
                       109, 317, 106, 314, width=5, fill=("#86776d"))
canvas1.create_polygon(113, 348, 120, 350, 135, 373, 135, 380, 143, 393, 137, 389, 113, 348, width=5, fill=("#c7a17b"))
canvas1.create_polygon(120, 350, 131, 343, 137, 343, 151, 364, 165, 382, 190, 400, 160, 392, 135, 373, 120, 350, width=5, fill=("#736358"))
canvas1.create_polygon(135, 373, 160, 392, 190, 400, 165, 382, 151, 364, 137, 343, 136, 338, 141, 334, 147, 337, 160, 360,
                       170, 375, 179, 385, 193, 395, 204, 400, 210, 418, 203, 421, 187, 413, 165, 406, 143, 393, 135, 380, 135, 373, width=5, fill=("#6d594c"))
canvas1.create_polygon(132, 386, 161, 408, 167, 412, 193, 423, 201, 436, 190, 447, 190, 438, 193, 435, 190, 427, 156, 413, 132, 386, width=5, fill=("#c7a17b"))
canvas1.create_polygon(132, 386, 165, 406, 187, 413, 203, 421, 201, 436, 193, 423, 167, 412, 161, 408, 132, 386, width=5, fill=("#736358"))
canvas1.create_polygon(132, 386, 155, 418, 157, 425, 164, 432, 175, 439, 160, 422, 158, 418, 165, 420, 182, 430, 182, 433,
                       177, 433, 177, 436, 190, 453, 165, 436, 156, 429, 150, 418, 132, 386, width=5, fill=("#c7a17b"))
canvas1.create_polygon(132, 386, 156, 413, 190, 427, 193, 435, 190, 438, 190, 447, 190, 453, 177, 436, 177, 433, 182, 433,
                       182, 430, 165, 420, 158, 418, 160, 422, 175, 439, 164, 432, 157, 425, 155, 418, 132, 386, width=5, fill=("#736358"))

#ARMA
canvas1.create_polygon(636, 513, 649, 529, 658, 539, 669, 544, 685, 546, 698, 549, 717, 552, 720, 549, 724, 544, 727, 548,
                       739, 558, 754, 558, 758, 560, 750, 563, 738, 568, 725, 577, 718, 593, 719, 613, 731, 632, 725, 633,
                       706, 626, 690, 611, 689, 590, 680, 574, 664, 562, 648, 556, 628, 553, 607, 558, 611, 544, 618, 532,
                       620, 527, 626, 517, 636, 513, width=5, fill=("#86776d"))
canvas1.create_polygon(626, 498, 633, 505, 636, 513, 626, 517, 620, 527, 618, 532, 611, 544, 610, 548, 607, 558, 598, 560,
                       592, 552, 589, 546, 590, 542, 600, 524, 610, 508, 616, 501, 626, 498, width=5, fill=("#6d594c"))
canvas1.create_polygon(626, 517, 620, 527, 618, 532, 611, 544, 607, 558, 598, 560, 592, 552, 589, 546, 590, 542, 593, 547,
                       599, 537, 617, 508, 631, 503, 633, 505, 620, 511, 603, 537, 596, 550, 597, 553, 600, 556, 601, 555,
                       610, 541, 626, 517, width=5, fill=("#c7a17b"))
canvas1.create_polygon(620, 527, 624, 527, 634, 529, 652, 537, 665, 544, 676, 551, 688, 561, 695, 571, 701, 585, 702, 592,
                       702, 605, 708, 610, 708, 597, 708, 585, 717, 571, 725, 564, 724, 558, 717, 552, 720, 549, 728, 557,
                       728, 565, 719, 577, 713, 587, 713, 616, 698, 606, 699, 592, 690, 574, 676, 562, 656, 553, 636, 549,
                       610, 548, 611, 544, 626, 544, 642, 544, 656, 549, 669, 553, 680, 560, 667, 549, 653, 542, 634, 534,
                       625, 532, 620, 527, width=5, fill=("#6d594c"))
canvas1.create_polygon(725, 534, 734, 537, 748, 538, 758, 537, 758, 553, 751, 551, 738, 549, 731, 542, 725, 534, width=5, fill=("#c7a17b"))
canvas1.create_polygon(725, 534, 731, 542, 738, 549, 751, 551, 758, 553, 758, 560, 754, 558, 739, 558, 727, 548, 722, 541, 725, 534, width=5, fill=("#6d594c"))
canvas1.create_polygon(758, 563, 758, 570, 754, 570, 744, 573, 736, 578, 730, 589, 728, 600, 728, 610, 731, 624, 736, 631,
                       731, 632, 726, 624, 723, 617, 721, 608, 721, 597, 722, 591, 726, 582, 731, 575, 738, 571, 745, 567,
                       751, 565, 758, 563, width=5, fill=("#F700FF"))
canvas1.create_polygon(758, 586, 752, 588, 746, 592, 741, 599, 739, 606, 740, 616, 742, 624, 748, 628, 758, 634, 758, 627,
                       751, 623, 746, 619, 744, 613, 744, 606, 747, 600, 754, 594, 758, 592, 758, 586, width=5, fill=("#F700FF"))
canvas1.create_polygon(758, 592, 754, 594, 747, 600, 744, 606, 744, 613, 746, 619, 754, 625, 750, 618, 748, 610, 750, 602,
                       751, 601, 758, 597, 758, 592, width=5, fill=("#6D0070"))
canvas1.create_polygon(758, 597, 758, 627, 754, 625, 750, 618, 748, 610, 750, 602, 758, 597, width=5, fill=("#1B001C"))
canvas1.create_polygon(751, 601, 758, 604, 758, 611, 751, 601, width=5, fill=("#c7a17b"))

#BRAZO IZQUIERDO
canvas1.create_polygon(565, 414, 581, 429, 589, 439, 598, 457, 607, 470, 621, 485, 633, 494, 643, 498, 644, 503, 650, 509,
                       658, 511, 669, 515, 680, 517, 688, 519, 689, 526, 692, 532, 699, 538, 702, 549, 702, 552, 698, 551,
                       698, 557, 703, 565, 696, 563, 688, 558, 686, 553, 683, 545, 669, 544, 658, 539, 636, 513, 633, 505,
                       631, 503, 626, 498, 616, 501, 610, 508, 607, 512, 587, 497, 572, 490, 551, 475, 558, 439, 565, 414, width=5, fill=("#2d2443"))
canvas1.create_polygon(637, 554, 635, 565, 638, 571, 643, 578, 650, 578, 655, 588, 664, 582, 665, 587, 674, 602, 680, 601,
                       689, 594, 689, 590, 680, 574, 674, 570, 664, 562, 658, 560, 656, 553, 653, 558, 648, 560, 646, 558,
                       646, 555, 643, 559, 639, 559, 637, 554, width=5, fill=("#2d2443"))

canvas1.create_polygon(698, 551, 702, 552, 708, 557, 709, 563, 709, 573, 703, 565, 698, 557, 698, 551, width=5, fill=("#5f2567"))
canvas1.create_polygon(670, 551, 672, 560, 674, 570, 673, 573, 672, 581, 669, 584, 664, 577, 664, 562, 670, 551, width=5, fill=("#5f2567"))
canvas1.create_polygon(655, 539, 655, 548, 656, 553, 653, 558, 648, 560, 646, 558, 646, 554, 648, 551, 650, 544, 655, 539, width=5, fill=("#5f2567"))
canvas1.create_polygon(645, 542, 646, 549, 646, 554, 643, 559, 639, 559, 637, 554, 639, 551, 645, 542, width=5, fill=("#5f2567"))
canvas1.create_polygon(689, 590, 689, 594, 680, 601, 674, 602, 665, 587, 664, 582, 655, 588, 650, 578, 643, 578, 638, 571,
                       635, 565, 637, 554, 639, 559, 639, 567, 644, 574, 648, 573, 646, 566, 646, 558, 648, 567, 651, 573,
                       656, 579, 660, 579, 664, 577, 669, 584, 671, 588, 678, 595, 682, 595, 689, 590, width=5, fill=("#676cba"))

#CAPUCHA
canvas1.create_polygon(385, 58, 398, 61, 408, 65, 422, 65, 436, 72, 448, 77, 460, 87, 474, 98, 482, 117, 490, 136,
                       496, 152, 503, 170, 510, 188, 515, 206, 519, 218, 519, 235, 514, 265, 504, 289, 488, 322,
                       484, 296, 483, 267, 481, 238, 478, 219, 473, 193, 467, 166, 461, 130, 441, 107, 425, 93, 404, 77,
                       390, 67, 385, 58, width=5, fill=("#21184a"))
canvas1.create_polygon(385, 58, 379, 74, 373, 93, 365, 116, 366, 161, 364, 190, 364, 206, 379, 237, 395, 264, 389, 236,
                       385, 208, 382, 180, 379, 141, 379, 115, 379, 98, 383, 83, 390, 67, 385, 58, width=5, fill=("#21184a"))
canvas1.create_polygon(383, 83, 379, 98, 379, 141, 381, 167, 379, 195, 380, 227, 364, 205, 364, 190, 366, 161, 365, 116, 376, 94,
                       383, 83, width=5, fill=("#2d3170"))
canvas1.create_polygon(461, 130, 475, 171, 483, 199, 486, 213, 486, 243, 486, 271, 488, 278, 499, 264, 490, 281, 489, 290,
                       485, 303, 484, 296, 483, 267, 481, 238, 467, 166, 461, 130, width=5, fill=("#2d3170"))

#DETALLADO PECHO
canvas1.create_polygon(413, 281, 434, 281, 435, 288, 441, 292, 449, 296, 458, 296, 465, 293, 470, 288, 473, 291, 470, 299,
                       461, 304, 451, 304, 441, 301, 413, 281, width=5, fill=("#c7a17b"))
canvas1.create_polygon(413, 281, 441, 259, 451, 257, 463, 259, 470, 265, 475, 274, 475, 285, 473, 291, 470, 288, 470, 284,
                       470, 277, 466, 272, 462, 266, 456, 263, 447, 266, 441, 272, 434, 281, 413, 281, width=5, fill=("#86776d"))
canvas1.create_polygon(470, 288, 465, 293, 458, 296, 449, 296, 441, 292, 435, 288, 434, 281, 441, 272, 447, 266, 456, 263,
                       462, 266, 466, 272, 470, 277, 470, 284, 470, 288, width=5, fill=("#6d594c"))
canvas1.create_polygon(450, 269, 458, 269, 464, 274, 466, 280, 465, 287, 464, 292, 449, 292, 441, 288, 440, 279, 445, 272, 450, 269, width=5, fill=("#080815"))


#DENTRO CAPUCHA
canvas1.create_polygon(390, 67, 404, 77, 425, 93, 441, 107, 461, 130, 467, 166, 470, 182, 453, 223, 438, 228, 408, 221,
                       385, 208, 382, 190, 381, 167, 379, 141, 379, 98, 383, 83, 390, 67, width=5, fill=("#080815"))
canvas1.create_polygon(385, 186, 393, 188, 416, 197, 435, 198, 454, 178, 465, 174, 459, 182, 449, 196, 440, 212, 438, 212,
                       413, 202, 385, 186, width=5, fill=("#2d3170"))

#MASCARA
canvas1.create_polygon(400, 84, 413, 89, 435, 107, 443, 124, 435, 129, 426, 143, 426, 143, 413, 174, 401, 147, 395, 128,
                       396, 100, 400, 84, width=5, fill=("#7a5b61"))
canvas1.create_polygon(443, 124, 449, 134, 444, 143, 438, 156, 438, 171, 428, 179, 426, 165, 426, 143, 435, 129, 443, 124, width=5, fill=("#694d52"))
canvas1.create_polygon(428, 179, 426, 165, 428, 179, 416, 191, 413, 174, 426, 143, 426, 165, 428, 179, width=5, fill=("#7a5b61"))
canvas1.create_polygon(400, 84, 396, 100, 395, 128, 401, 147, 413, 174, 401, 159, 393, 152, 386, 150, 385, 140, 391, 143,
                       400, 154, 393, 143, 392, 138, 390, 133, 388, 127, 385, 127, 388, 99, 400, 84, width=5, fill=("#8f6f75"))
canvas1.create_polygon(386, 150, 393, 152, 401, 159, 413, 174, 416, 191, 402, 177, 400, 165, 386, 150, width=5, fill=("#694d52"))
canvas1.create_polygon(411, 150, 409, 141, 408, 127, 410, 119, 419, 112, 428, 111, 428, 122, 424, 129, 414, 135, 413, 143, 411, 150, width=5, fill=("#080815"))

#OJO
canvas1.create_polygon(415, 115, 419, 115, 423, 116, 426, 118, 427, 122, 427, 124, 424, 129, 418, 133, 413, 131, 411, 128,
                       410, 123, 411, 120, 415, 115, width=5, fill=("#80bad2"))
canvas1.create_polygon(417, 119, 420, 119, 423, 121, 424, 124, 423, 127, 421, 129, 417, 128, 415, 127, 413, 125, 415, 122, 417, 119, width=5, fill=("#f14df6"))
canvas1.create_polygon(418, 126, 416, 125, 416, 123, 418, 121, 420, 121, 421, 121, 422, 123, 420, 123, 418, 124, 418, 126, width=5, fill=("#502151"))

#ESTRELLA CABEZA
canvas1.create_polygon(395, 99, 393, 58, 398, 50, 438, 30, 413, 32, 395, 35, 390, 35, 385, 2, 379, 11, 376, 41, 350, 67,
                       368, 62, 379, 63, 387, 87, 395, 99, width=5, fill=("#377fb2"))
canvas1.create_polygon(392, 90, 389, 51, 424, 34, 386, 39,  382, 11, 379, 46, 357,  62, 379, 54, 392, 90, width=5, fill=("#a5e2f3"))

cuadro.mainloop()
